#Fri Feb 25 14:08:15 GMT 2022
0=60.0017,60.005,60.0039,59.9993,60.0012,60.0018
1=60.0017,60.005,60.0039,59.9993,60.0012,60.0018
2=60.0017,60.005,60.0039,59.9993,60.0012,60.0018
3=60.0017,60.005,60.0039,59.9993,60.0012,60.0018
4=60.0057,60.0035,60.0038,60.0029,59.9984,59.9999
5=60.0057,60.0035,60.0038,60.0029,59.9984,59.9999
6=60.0057,60.0035,60.0038,60.0029,59.9984,59.9999
7=60.0057,60.0035,60.0038,60.0029,59.9984,59.9999
8=60.0023,59.9998,60.0018,60.0035,60.0035,60.001
9=60.0023,59.9998,60.0018,60.0035,60.0035,60.001
10=60.0023,59.9998,60.0018,60.0035,60.0035,60.001
11=60.0023,59.9998,60.0018,60.0035,60.0035,60.001
12=60.0047,60.0046,60.0032,60.0025,60.0028,60.0
13=60.0047,60.0046,60.0032,60.0025,60.0028,60.0
14=60.0047,60.0046,60.0032,60.0025,60.0028,60.0
15=60.0047,60.0046,60.0032,60.0025,60.0028,60.0
16=60.0035,60.0037,60.0057,59.9975,59.9983,60.0015
17=60.0035,60.0037,60.0057,59.9975,59.9983,60.0015
18=60.0035,60.0037,60.0057,59.9975,59.9983,60.0015
19=60.0035,60.0037,60.0057,59.9975,59.9983,60.0015
20=60.0004,60.0028,59.9989,60.0017,60.0025,60.0028
21=60.0004,60.0028,59.9989,60.0017,60.0025,60.0028
22=60.0004,60.0028,59.9989,60.0017,60.0025,60.0028
23=60.0004,60.0028,59.9989,60.0017,60.0025,60.0028
24=60.0018,60.0022,60.0012,60.0023,60.0036,60.0047
25=60.0018,60.0022,60.0012,60.0023,60.0036,60.0047
26=60.0018,60.0022,60.0012,60.0023,60.0036,60.0047
27=60.0018,60.0022,60.0012,60.0023,60.0036,60.0047
28=59.9995,59.9999,60.0025,60.005,60.0064,60.0025
29=59.9995,59.9999,60.0025,60.005,60.0064,60.0025
30=59.9995,59.9999,60.0025,60.005,60.0064,60.0025
31=59.9995,59.9999,60.0025,60.005,60.0064,60.0025
32=60.0039,60.0017,60.0015,60.0024,60.0012,59.9984
33=60.0039,60.0017,60.0015,60.0024,60.0012,59.9984
34=60.0039,60.0017,60.0015,60.0024,60.0012,59.9984
35=60.0039,60.0017,60.0015,60.0024,60.0012,59.9984
36=60.004,60.0032,60.0042,60.0045,59.9984,59.9999
37=60.004,60.0032,60.0042,60.0045,59.9984,59.9999
38=60.004,60.0032,60.0042,60.0045,59.9984,59.9999
39=60.004,60.0032,60.0042,60.0045,59.9984,59.9999
40=60.002,60.0055,60.0014,60.0027,59.9999,60.0013
41=60.002,60.0055,60.0014,60.0027,59.9999,60.0013
42=60.002,60.0055,60.0014,60.0027,59.9999,60.0013
43=60.002,60.0055,60.0014,60.0027,59.9999,60.0013
44=60.0044,60.0039,60.0038,60.0012,59.9993,59.9995
45=60.0044,60.0039,60.0038,60.0012,59.9993,59.9995
46=60.0044,60.0039,60.0038,60.0012,59.9993,59.9995
47=60.0044,60.0039,60.0038,60.0012,59.9993,59.9995
48=60.0043,60.004,59.9996,59.9969,60.0011,60.001
49=60.0043,60.004,59.9996,59.9969,60.0011,60.001
50=60.0043,60.004,59.9996,59.9969,60.0011,60.001
51=60.0043,60.004,59.9996,59.9969,60.0011,60.001
52=60.0029,60.002,59.9985,60.0016,60.0036,60.0026
53=60.0029,60.002,59.9985,60.0016,60.0036,60.0026
54=60.0029,60.002,59.9985,60.0016,60.0036,60.0026
55=60.0029,60.002,59.9985,60.0016,60.0036,60.0026
56=60.001,59.9993,60.0003,60.0019,60.0046,59.9983
57=60.001,59.9993,60.0003,60.0019,60.0046,59.9983
58=60.001,59.9993,60.0003,60.0019,60.0046,59.9983
59=60.001,59.9993,60.0003,60.0019,60.0046,59.9983
60=60.005,60.0009,60.0022,60.0034,59.9992,60.0002
61=60.005,60.0009,60.0022,60.0034,59.9992,60.0002
62=60.005,60.0009,60.0022,60.0034,59.9992,60.0002
63=60.005,60.0009,60.0022,60.0034,59.9992,60.0002
64=60.0025,60.002,60.0058,60.0033,60.0002,59.9984
65=60.0025,60.002,60.0058,60.0033,60.0002,59.9984
66=60.0025,60.002,60.0058,60.0033,60.0002,59.9984
67=60.0025,60.002,60.0058,60.0033,60.0002,59.9984
68=60.0048,60.0011,59.9994,60.0015,59.9988,60.0019
69=60.0048,60.0011,59.9994,60.0015,59.9988,60.0019
70=60.0048,60.0011,59.9994,60.0015,59.9988,60.0019
71=60.0048,60.0011,59.9994,60.0015,59.9988,60.0019
72=60.0039,60.0049,60.0046,59.9991,60.0008,60.0027
73=60.0039,60.0049,60.0046,59.9991,60.0008,60.0027
74=60.0039,60.0049,60.0046,59.9991,60.0008,60.0027
75=60.0039,60.0049,60.0046,59.9991,60.0008,60.0027
76=59.9978,59.9999,59.9977,60.0006,60.0016,59.999
77=59.9978,59.9999,59.9977,60.0006,60.0016,59.999
78=59.9978,59.9999,59.9977,60.0006,60.0016,59.999
79=59.9978,59.9999,59.9977,60.0006,60.0016,59.999
80=60.0013,60.0004,59.9979,60.0012,60.003,60.003
81=60.0013,60.0004,59.9979,60.0012,60.003,60.003
82=60.0013,60.0004,59.9979,60.0012,60.003,60.003
83=60.0013,60.0004,59.9979,60.0012,60.003,60.003
84=59.9986,59.997,60.0001,60.0032,60.0028,60.0025
85=59.9986,59.997,60.0001,60.0032,60.0028,60.0025
86=59.9986,59.997,60.0001,60.0032,60.0028,60.0025
87=59.9986,59.997,60.0001,60.0032,60.0028,60.0025
88=60.0039,59.9974,60.0006,60.0034,60.0042,59.9982
89=60.0039,59.9974,60.0006,60.0034,60.0042,59.9982
90=60.0039,59.9974,60.0006,60.0034,60.0042,59.9982
91=60.0039,59.9974,60.0006,60.0034,60.0042,59.9982
92=60.001,60.0011,60.0004,60.0029,60.0056,59.9991
93=60.001,60.0011,60.0004,60.0029,60.0056,59.9991
94=60.001,60.0011,60.0004,60.0029,60.0056,59.9991
95=60.001,60.0011,60.0004,60.0029,60.0056,59.9991
96=60.0022,60.0,60.001,60.0043,60.0011,59.9981
97=60.0022,60.0,60.001,60.0043,60.0011,59.9981
98=60.0022,60.0,60.001,60.0043,60.0011,59.9981
99=60.0022,60.0,60.001,60.0043,60.0011,59.9981
100=60.0032,60.0015,60.0036,60.0036,60.0012,59.9994
101=60.0032,60.0015,60.0036,60.0036,60.0012,59.9994
102=60.0032,60.0015,60.0036,60.0036,60.0012,59.9994
103=60.0032,60.0015,60.0036,60.0036,60.0012,59.9994
104=60.0021,60.0004,60.0033,60.0042,60.0032,59.9987
105=60.0021,60.0004,60.0033,60.0042,60.0032,59.9987
106=60.0021,60.0004,60.0033,60.0042,60.0032,59.9987
107=60.0021,60.0004,60.0033,60.0042,60.0032,59.9987
108=60.0052,60.0019,60.0027,60.0035,60.001,60.0002
109=60.0052,60.0019,60.0027,60.0035,60.001,60.0002
110=60.0052,60.0019,60.0027,60.0035,60.001,60.0002
111=60.0052,60.0019,60.0027,60.0035,60.001,60.0002
112=60.0008,60.001,60.0009,60.0042,59.9989,60.0004
113=60.0008,60.001,60.0009,60.0042,59.9989,60.0004
114=60.0008,60.001,60.0009,60.0042,59.9989,60.0004
115=60.0008,60.001,60.0009,60.0042,59.9989,60.0004
116=60.0033,60.0014,60.0028,60.0031,59.9989,60.0006
117=60.0033,60.0014,60.0028,60.0031,59.9989,60.0006
118=60.0033,60.0014,60.0028,60.0031,59.9989,60.0006
119=60.0033,60.0014,60.0028,60.0031,59.9989,60.0006
120=60.0042,60.0006,60.003,60.0043,60.0035,60.0013
121=60.0042,60.0006,60.003,60.0043,60.0035,60.0013
122=60.0042,60.0006,60.003,60.0043,60.0035,60.0013
123=60.0042,60.0006,60.003,60.0043,60.0035,60.0013
124=60.0017,60.0003,60.0015,60.0041,60.0035,59.9991
125=60.0017,60.0003,60.0015,60.0041,60.0035,59.9991
126=60.0017,60.0003,60.0015,60.0041,60.0035,59.9991
127=60.0017,60.0003,60.0015,60.0041,60.0035,59.9991
128=60.0005,59.9978,60.0009,60.0013,60.0048,59.9983
129=60.0005,59.9978,60.0009,60.0013,60.0048,59.9983
130=60.0005,59.9978,60.0009,60.0013,60.0048,59.9983
131=60.0005,59.9978,60.0009,60.0013,60.0048,59.9983
132=60.0006,59.9997,60.0027,60.0027,60.0018,59.9987
133=60.0006,59.9997,60.0027,60.0027,60.0018,59.9987
134=60.0006,59.9997,60.0027,60.0027,60.0018,59.9987
135=60.0006,59.9997,60.0027,60.0027,60.0018,59.9987
136=60.0031,60.0005,60.0024,60.0044,60.0017,60.0005
137=60.0031,60.0005,60.0024,60.0044,60.0017,60.0005
138=60.0031,60.0005,60.0024,60.0044,60.0017,60.0005
139=60.0031,60.0005,60.0024,60.0044,60.0017,60.0005
140=60.0033,60.0003,60.0037,60.0024,59.9989,59.9998
141=60.0033,60.0003,60.0037,60.0024,59.9989,59.9998
142=60.0033,60.0003,60.0037,60.0024,59.9989,59.9998
143=60.0033,60.0003,60.0037,60.0024,59.9989,59.9998
144=60.0036,60.0014,60.0013,60.0033,60.0049,59.9987
145=60.0036,60.0014,60.0013,60.0033,60.0049,59.9987
146=60.0036,60.0014,60.0013,60.0033,60.0049,59.9987
147=60.0036,60.0014,60.0013,60.0033,60.0049,59.9987
148=59.9999,59.9999,59.9992,60.0014,60.0037,60.0053
149=59.9999,59.9999,59.9992,60.0014,60.0037,60.0053
150=59.9999,59.9999,59.9992,60.0014,60.0037,60.0053
151=59.9999,59.9999,59.9992,60.0014,60.0037,60.0053
152=59.9991,60.0023,59.9972,60.0033,60.0023,60.004
153=59.9991,60.0023,59.9972,60.0033,60.0023,60.004
154=59.9991,60.0023,59.9972,60.0033,60.0023,60.004
155=59.9991,60.0023,59.9972,60.0033,60.0023,60.004
156=60.0004,60.0,60.0015,60.0037,60.005,59.9984
157=60.0004,60.0,60.0015,60.0037,60.005,59.9984
158=60.0004,60.0,60.0015,60.0037,60.005,59.9984
159=60.0004,60.0,60.0015,60.0037,60.005,59.9984
160=59.9981,60.0027,59.9997,59.9986,60.0021,60.003
161=59.9981,60.0027,59.9997,59.9986,60.0021,60.003
162=59.9981,60.0027,59.9997,59.9986,60.0021,60.003
163=59.9981,60.0027,59.9997,59.9986,60.0021,60.003
164=60.3037,60.3002,60.307,60.3036,60.3028,60.3057
165=60.3037,60.3002,60.307,60.3036,60.3028,60.3057
166=60.3037,60.3002,60.307,60.3036,60.3028,60.3057
167=60.3037,60.3002,60.307,60.3036,60.3028,60.3057
168=60.5994,60.601,60.6067,60.602,60.6033,60.6005
169=60.5994,60.601,60.6067,60.602,60.6033,60.6005
170=60.5994,60.601,60.6067,60.602,60.6033,60.6005
171=60.5994,60.601,60.6067,60.602,60.6033,60.6005
172=60.9009,60.9038,60.9031,60.8995,60.9025,60.9013
173=60.9009,60.9038,60.9031,60.8995,60.9025,60.9013
174=60.9009,60.9038,60.9031,60.8995,60.9025,60.9013
175=60.9009,60.9038,60.9031,60.8995,60.9025,60.9013
176=61.2024,61.2078,61.2042,61.2024,61.2021,61.2024
177=61.2024,61.2078,61.2042,61.2024,61.2021,61.2024
178=61.2024,61.2078,61.2042,61.2024,61.2021,61.2024
179=61.2024,61.2078,61.2042,61.2024,61.2021,61.2024
180=61.5024,61.5027,61.5036,61.4976,61.502,61.496
181=61.5024,61.5027,61.5036,61.4976,61.502,61.496
182=61.5024,61.5027,61.5036,61.4976,61.502,61.496
183=61.5024,61.5027,61.5036,61.4976,61.502,61.496
184=61.8049,61.8039,61.8001,61.7984,61.8019,61.8025
185=61.8049,61.8039,61.8001,61.7984,61.8019,61.8025
186=61.8049,61.8039,61.8001,61.7984,61.8019,61.8025
187=61.8049,61.8039,61.8001,61.7984,61.8019,61.8025
188=62.1024,62.1013,62.1065,62.1045,62.1045,62.0988
189=62.1024,62.1013,62.1065,62.1045,62.1045,62.0988
190=62.1024,62.1013,62.1065,62.1045,62.1045,62.0988
191=62.1024,62.1013,62.1065,62.1045,62.1045,62.0988
192=62.3992,62.4011,62.4025,62.4047,62.4001,62.3999
193=62.3992,62.4011,62.4025,62.4047,62.4001,62.3999
194=62.3992,62.4011,62.4025,62.4047,62.4001,62.3999
195=62.3992,62.4011,62.4025,62.4047,62.4001,62.3999
196=62.6988,62.701,62.7037,62.704,62.7024,62.7046
197=62.6988,62.701,62.7037,62.704,62.7024,62.7046
198=62.6988,62.701,62.7037,62.704,62.7024,62.7046
199=62.6988,62.701,62.7037,62.704,62.7024,62.7046
200=62.9942,63.0002,63.0058,63.0039,62.9981,63.0039
201=62.9942,63.0002,63.0058,63.0039,62.9981,63.0039
202=62.9942,63.0002,63.0058,63.0039,62.9981,63.0039
203=62.9942,63.0002,63.0058,63.0039,62.9981,63.0039
204=63.3001,63.3013,63.3033,63.3029,63.2994,63.3065
205=63.3001,63.3013,63.3033,63.3029,63.2994,63.3065
206=63.3001,63.3013,63.3033,63.3029,63.2994,63.3065
207=63.3001,63.3013,63.3033,63.3029,63.2994,63.3065
208=63.6008,63.5991,63.6013,63.6047,63.6075,63.6035
209=63.6008,63.5991,63.6013,63.6047,63.6075,63.6035
210=63.6008,63.5991,63.6013,63.6047,63.6075,63.6035
211=63.6008,63.5991,63.6013,63.6047,63.6075,63.6035
212=63.9009,63.9019,63.9022,63.9039,63.8997,63.8982
213=63.9009,63.9019,63.9022,63.9039,63.8997,63.8982
214=63.9009,63.9019,63.9022,63.9039,63.8997,63.8982
215=63.9009,63.9019,63.9022,63.9039,63.8997,63.8982
216=64.1977,64.1999,64.201,64.1953,64.2037,64.1963
217=64.1977,64.1999,64.201,64.1953,64.2037,64.1963
218=64.1977,64.1999,64.201,64.1953,64.2037,64.1963
219=64.1977,64.1999,64.201,64.1953,64.2037,64.1963
220=64.4959,64.5009,64.5048,64.5052,64.4991,64.4994
221=64.4959,64.5009,64.5048,64.5052,64.4991,64.4994
222=64.4959,64.5009,64.5048,64.5052,64.4991,64.4994
223=64.4959,64.5009,64.5048,64.5052,64.4991,64.4994
224=64.7967,64.8038,64.8044,64.8003,64.8009,64.8001
225=64.7967,64.8038,64.8044,64.8003,64.8009,64.8001
226=64.7967,64.8038,64.8044,64.8003,64.8009,64.8001
227=64.7967,64.8038,64.8044,64.8003,64.8009,64.8001
228=65.0967,65.1005,65.0967,65.1034,65.0998,65.1044
229=65.0967,65.1005,65.0967,65.1034,65.0998,65.1044
230=65.0967,65.1005,65.0967,65.1034,65.0998,65.1044
231=65.0967,65.1005,65.0967,65.1034,65.0998,65.1044
232=65.4009,65.3998,65.3969,65.3998,65.4004,65.4006
233=65.4009,65.3998,65.3969,65.3998,65.4004,65.4006
234=65.4009,65.3998,65.3969,65.3998,65.4004,65.4006
235=65.4009,65.3998,65.3969,65.3998,65.4004,65.4006
236=65.7031,65.6974,65.6961,65.7017,65.7016,65.6976
237=65.7031,65.6974,65.6961,65.7017,65.7016,65.6976
238=65.7031,65.6974,65.6961,65.7017,65.7016,65.6976
239=65.7031,65.6974,65.6961,65.7017,65.7016,65.6976
240=66.0004,65.9971,66.0004,66.0007,66.0027,66.0012
241=66.0004,65.9971,66.0004,66.0007,66.0027,66.0012
242=66.0004,65.9971,66.0004,66.0007,66.0027,66.0012
243=66.0004,65.9971,66.0004,66.0007,66.0027,66.0012
244=66.3008,66.3013,66.2971,66.3032,66.2994,66.2969
245=66.3008,66.3013,66.2971,66.3032,66.2994,66.2969
246=66.3008,66.3013,66.2971,66.3032,66.2994,66.2969
247=66.3008,66.3013,66.2971,66.3032,66.2994,66.2969
248=66.5976,66.6003,66.6008,66.6032,66.598,66.6004
249=66.5976,66.6003,66.6008,66.6032,66.598,66.6004
250=66.5976,66.6003,66.6008,66.6032,66.598,66.6004
251=66.5976,66.6003,66.6008,66.6032,66.598,66.6004
252=66.905,66.9003,66.902,66.9006,66.9079,66.9053
253=66.905,66.9003,66.902,66.9006,66.9079,66.9053
254=66.905,66.9003,66.902,66.9006,66.9079,66.9053
255=66.905,66.9003,66.902,66.9006,66.9079,66.9053
256=67.2005,67.1978,67.2061,67.2007,67.2011,67.196
257=67.2005,67.1978,67.2061,67.2007,67.2011,67.196
258=67.2005,67.1978,67.2061,67.2007,67.2011,67.196
259=67.2005,67.1978,67.2061,67.2007,67.2011,67.196
260=67.4958,67.4987,67.5005,67.4984,67.5037,67.4993
261=67.4958,67.4987,67.5005,67.4984,67.5037,67.4993
262=67.4958,67.4987,67.5005,67.4984,67.5037,67.4993
263=67.4958,67.4987,67.5005,67.4984,67.5037,67.4993
264=67.7964,67.8043,67.8041,67.8013,67.8033,67.801
265=67.7964,67.8043,67.8041,67.8013,67.8033,67.801
266=67.7964,67.8043,67.8041,67.8013,67.8033,67.801
267=67.7964,67.8043,67.8041,67.8013,67.8033,67.801
268=68.1027,68.1056,68.0955,68.1012,68.1016,68.1014
269=68.1027,68.1056,68.0955,68.1012,68.1016,68.1014
270=68.1027,68.1056,68.0955,68.1012,68.1016,68.1014
271=68.1027,68.1056,68.0955,68.1012,68.1016,68.1014
272=68.4,68.4043,68.4023,68.3989,68.397,68.4022
273=68.4,68.4043,68.4023,68.3989,68.397,68.4022
274=68.4,68.4043,68.4023,68.3989,68.397,68.4022
275=68.4,68.4043,68.4023,68.3989,68.397,68.4022
276=68.7041,68.7003,68.7039,68.7015,68.7009,68.6992
277=68.7041,68.7003,68.7039,68.7015,68.7009,68.6992
278=68.7041,68.7003,68.7039,68.7015,68.7009,68.6992
279=68.7041,68.7003,68.7039,68.7015,68.7009,68.6992
280=68.9952,68.9995,69.0014,68.9996,69.0068,69.003
281=68.9952,68.9995,69.0014,68.9996,69.0068,69.003
282=68.9952,68.9995,69.0014,68.9996,69.0068,69.003
283=68.9952,68.9995,69.0014,68.9996,69.0068,69.003
284=69.2982,69.3021,69.2987,69.3027,69.303,69.3017
285=69.2982,69.3021,69.2987,69.3027,69.303,69.3017
286=69.2982,69.3021,69.2987,69.3027,69.303,69.3017
287=69.2982,69.3021,69.2987,69.3027,69.303,69.3017
288=69.5997,69.6005,69.6025,69.6029,69.5997,69.5978
289=69.5997,69.6005,69.6025,69.6029,69.5997,69.5978
290=69.5997,69.6005,69.6025,69.6029,69.5997,69.5978
291=69.5997,69.6005,69.6025,69.6029,69.5997,69.5978
292=69.8975,69.9011,69.9013,69.9026,69.9017,69.9018
293=69.8975,69.9011,69.9013,69.9026,69.9017,69.9018
294=69.8975,69.9011,69.9013,69.9026,69.9017,69.9018
295=69.8975,69.9011,69.9013,69.9026,69.9017,69.9018
296=70.2055,70.1959,70.1961,70.1947,70.2021,70.1961
297=70.2055,70.1959,70.1961,70.1947,70.2021,70.1961
298=70.2055,70.1959,70.1961,70.1947,70.2021,70.1961
299=70.2055,70.1959,70.1961,70.1947,70.2021,70.1961
300=70.4985,70.5041,70.4982,70.5,70.4965,70.4988
301=70.4985,70.5041,70.4982,70.5,70.4965,70.4988
302=70.4985,70.5041,70.4982,70.5,70.4965,70.4988
303=70.4985,70.5041,70.4982,70.5,70.4965,70.4988
304=70.8041,70.801,70.8031,70.8033,70.7999,70.804
305=70.8041,70.801,70.8031,70.8033,70.7999,70.804
306=70.8041,70.801,70.8031,70.8033,70.7999,70.804
307=70.8041,70.801,70.8031,70.8033,70.7999,70.804
308=71.0995,71.0996,71.097,71.1009,71.1034,71.1008
309=71.0995,71.0996,71.097,71.1009,71.1034,71.1008
310=71.0995,71.0996,71.097,71.1009,71.1034,71.1008
311=71.0995,71.0996,71.097,71.1009,71.1034,71.1008
312=71.4009,71.4027,71.3981,71.3991,71.4028,71.4
313=71.4009,71.4027,71.3981,71.3991,71.4028,71.4
314=71.4009,71.4027,71.3981,71.3991,71.4028,71.4
315=71.4009,71.4027,71.3981,71.3991,71.4028,71.4
316=71.7032,71.7022,71.7024,71.7047,71.7002,71.7048
317=71.7032,71.7022,71.7024,71.7047,71.7002,71.7048
318=71.7032,71.7022,71.7024,71.7047,71.7002,71.7048
319=71.7032,71.7022,71.7024,71.7047,71.7002,71.7048
320=71.9956,72.0006,72.0004,72.0044,72.0042,72.0035
321=71.9956,72.0006,72.0004,72.0044,72.0042,72.0035
322=71.9956,72.0006,72.0004,72.0044,72.0042,72.0035
323=71.9956,72.0006,72.0004,72.0044,72.0042,72.0035
324=72.299,72.3025,72.2985,72.3014,72.2962,72.2988
325=72.299,72.3025,72.2985,72.3014,72.2962,72.2988
326=72.299,72.3025,72.2985,72.3014,72.2962,72.2988
327=72.299,72.3025,72.2985,72.3014,72.2962,72.2988
328=72.6021,72.6042,72.6014,72.6048,72.5973,72.6011
329=72.6021,72.6042,72.6014,72.6048,72.5973,72.6011
330=72.6021,72.6042,72.6014,72.6048,72.5973,72.6011
331=72.6021,72.6042,72.6014,72.6048,72.5973,72.6011
332=72.9011,72.8973,72.8964,72.8999,72.9036,72.8982
333=72.9011,72.8973,72.8964,72.8999,72.9036,72.8982
334=72.9011,72.8973,72.8964,72.8999,72.9036,72.8982
335=72.9011,72.8973,72.8964,72.8999,72.9036,72.8982
336=73.1997,73.2039,73.1996,73.2047,73.2009,73.2027
337=73.1997,73.2039,73.1996,73.2047,73.2009,73.2027
338=73.1997,73.2039,73.1996,73.2047,73.2009,73.2027
339=73.1997,73.2039,73.1996,73.2047,73.2009,73.2027
340=73.5027,73.5021,73.5011,73.4981,73.5003,73.5049
341=73.5027,73.5021,73.5011,73.4981,73.5003,73.5049
342=73.5027,73.5021,73.5011,73.4981,73.5003,73.5049
343=73.5027,73.5021,73.5011,73.4981,73.5003,73.5049
344=73.7987,73.8017,73.8029,73.8028,73.8059,73.8008
345=73.7987,73.8017,73.8029,73.8028,73.8059,73.8008
346=73.7987,73.8017,73.8029,73.8028,73.8059,73.8008
347=73.7987,73.8017,73.8029,73.8028,73.8059,73.8008
348=74.1026,74.103,74.0988,74.1005,74.1011,74.0971
349=74.1026,74.103,74.0988,74.1005,74.1011,74.0971
350=74.1026,74.103,74.0988,74.1005,74.1011,74.0971
351=74.1026,74.103,74.0988,74.1005,74.1011,74.0971
352=74.4055,74.403,74.404,74.3999,74.3994,74.3984
353=74.4055,74.403,74.404,74.3999,74.3994,74.3984
354=74.4055,74.403,74.404,74.3999,74.3994,74.3984
355=74.4055,74.403,74.404,74.3999,74.3994,74.3984
356=74.6974,74.6957,74.707,74.6977,74.7017,74.6965
357=74.6974,74.6957,74.707,74.6977,74.7017,74.6965
358=74.6974,74.6957,74.707,74.6977,74.7017,74.6965
359=74.6974,74.6957,74.707,74.6977,74.7017,74.6965
360=74.9973,75.0019,75.0,74.9977,74.9972,74.9994
361=74.9973,75.0019,75.0,74.9977,74.9972,74.9994
362=74.9973,75.0019,75.0,74.9977,74.9972,74.9994
363=74.9973,75.0019,75.0,74.9977,74.9972,74.9994
364=75.3011,75.3022,75.2991,75.2976,75.3037,75.2989
365=75.3011,75.3022,75.2991,75.2976,75.3037,75.2989
366=75.3011,75.3022,75.2991,75.2976,75.3037,75.2989
367=75.3011,75.3022,75.2991,75.2976,75.3037,75.2989
368=75.5991,75.5997,75.6013,75.6005,75.5982,75.5982
369=75.5991,75.5997,75.6013,75.6005,75.5982,75.5982
370=75.5991,75.5997,75.6013,75.6005,75.5982,75.5982
371=75.5991,75.5997,75.6013,75.6005,75.5982,75.5982
372=75.8992,75.8982,75.898,75.9033,75.9023,75.9028
373=75.8992,75.8982,75.898,75.9033,75.9023,75.9028
374=75.8992,75.8982,75.898,75.9033,75.9023,75.9028
375=75.8992,75.8982,75.898,75.9033,75.9023,75.9028
376=76.205,76.2013,76.1987,76.2025,76.1997,76.1993
377=76.205,76.2013,76.1987,76.2025,76.1997,76.1993
378=76.205,76.2013,76.1987,76.2025,76.1997,76.1993
379=76.205,76.2013,76.1987,76.2025,76.1997,76.1993
380=76.4981,76.5019,76.5054,76.4993,76.5021,76.5024
381=76.4981,76.5019,76.5054,76.4993,76.5021,76.5024
382=76.4981,76.5019,76.5054,76.4993,76.5021,76.5024
383=76.4981,76.5019,76.5054,76.4993,76.5021,76.5024
384=76.8039,76.8003,76.8046,76.8014,76.8016,76.7978
385=76.8039,76.8003,76.8046,76.8014,76.8016,76.7978
386=76.8039,76.8003,76.8046,76.8014,76.8016,76.7978
387=76.8039,76.8003,76.8046,76.8014,76.8016,76.7978
388=77.1058,77.1029,77.1025,77.1034,77.0996,77.0955
389=77.1058,77.1029,77.1025,77.1034,77.0996,77.0955
390=77.1058,77.1029,77.1025,77.1034,77.0996,77.0955
391=77.1058,77.1029,77.1025,77.1034,77.0996,77.0955
392=77.4009,77.4011,77.3979,77.4017,77.4083,77.3997
393=77.4009,77.4011,77.3979,77.4017,77.4083,77.3997
394=77.4009,77.4011,77.3979,77.4017,77.4083,77.3997
395=77.4009,77.4011,77.3979,77.4017,77.4083,77.3997
396=77.697,77.6994,77.703,77.7031,77.7032,77.6991
397=77.697,77.6994,77.703,77.7031,77.7032,77.6991
398=77.697,77.6994,77.703,77.7031,77.7032,77.6991
399=77.697,77.6994,77.703,77.7031,77.7032,77.6991
400=78.0042,78.0025,77.9973,78.0029,78.0016,78.0003
401=78.0042,78.0025,77.9973,78.0029,78.0016,78.0003
402=78.0042,78.0025,77.9973,78.0029,78.0016,78.0003
403=78.0042,78.0025,77.9973,78.0029,78.0016,78.0003
404=78.3029,78.2996,78.3031,78.2986,78.3015,78.295
405=78.3029,78.2996,78.3031,78.2986,78.3015,78.295
406=78.3029,78.2996,78.3031,78.2986,78.3015,78.295
407=78.3029,78.2996,78.3031,78.2986,78.3015,78.295
408=78.6023,78.5958,78.5955,78.6,78.5985,78.6032
409=78.6023,78.5958,78.5955,78.6,78.5985,78.6032
410=78.6023,78.5958,78.5955,78.6,78.5985,78.6032
411=78.6023,78.5958,78.5955,78.6,78.5985,78.6032
412=78.8964,78.8991,78.905,78.9042,78.8972,78.9018
413=78.8964,78.8991,78.905,78.9042,78.8972,78.9018
414=78.8964,78.8991,78.905,78.9042,78.8972,78.9018
415=78.8964,78.8991,78.905,78.9042,78.8972,78.9018
416=79.2002,79.2028,79.1972,79.1993,79.2013,79.1987
417=79.2002,79.2028,79.1972,79.1993,79.2013,79.1987
418=79.2002,79.2028,79.1972,79.1993,79.2013,79.1987
419=79.2002,79.2028,79.1972,79.1993,79.2013,79.1987
420=79.5017,79.5031,79.4936,79.5053,79.5051,79.5009
421=79.5017,79.5031,79.4936,79.5053,79.5051,79.5009
422=79.5017,79.5031,79.4936,79.5053,79.5051,79.5009
423=79.5017,79.5031,79.4936,79.5053,79.5051,79.5009
424=79.8017,79.8016,79.7987,79.804,79.8018,79.805
425=79.8017,79.8016,79.7987,79.804,79.8018,79.805
426=79.8017,79.8016,79.7987,79.804,79.8018,79.805
427=79.8017,79.8016,79.7987,79.804,79.8018,79.805
428=80.1014,80.102,80.0957,80.0989,80.1009,80.1026
429=80.1014,80.102,80.0957,80.0989,80.1009,80.1026
430=80.1014,80.102,80.0957,80.0989,80.1009,80.1026
431=80.1014,80.102,80.0957,80.0989,80.1009,80.1026
432=80.4089,80.4002,80.4025,80.4008,80.3992,80.399
433=80.4089,80.4002,80.4025,80.4008,80.3992,80.399
434=80.4089,80.4002,80.4025,80.4008,80.3992,80.399
435=80.4089,80.4002,80.4025,80.4008,80.3992,80.399
436=80.7026,80.6963,80.7001,80.6995,80.7031,80.7028
437=80.7026,80.6963,80.7001,80.6995,80.7031,80.7028
438=80.7026,80.6963,80.7001,80.6995,80.7031,80.7028
439=80.7026,80.6963,80.7001,80.6995,80.7031,80.7028
440=80.9966,81.0046,81.0008,81.0044,81.0009,81.002
441=80.9966,81.0046,81.0008,81.0044,81.0009,81.002
442=80.9966,81.0046,81.0008,81.0044,81.0009,81.002
443=80.9966,81.0046,81.0008,81.0044,81.0009,81.002
444=81.3019,81.2986,81.3001,81.3017,81.2971,81.3022
445=81.3019,81.2986,81.3001,81.3017,81.2971,81.3022
446=81.3019,81.2986,81.3001,81.3017,81.2971,81.3022
447=81.3019,81.2986,81.3001,81.3017,81.2971,81.3022
448=81.6002,81.6008,81.6038,81.5959,81.6018,81.6024
449=81.6002,81.6008,81.6038,81.5959,81.6018,81.6024
450=81.6002,81.6008,81.6038,81.5959,81.6018,81.6024
451=81.6002,81.6008,81.6038,81.5959,81.6018,81.6024
452=81.9021,81.9022,81.9001,81.9017,81.9088,81.8988
453=81.9021,81.9022,81.9001,81.9017,81.9088,81.8988
454=81.9021,81.9022,81.9001,81.9017,81.9088,81.8988
455=81.9021,81.9022,81.9001,81.9017,81.9088,81.8988
456=82.2017,82.1978,82.196,82.1996,82.2036,82.1993
457=82.2017,82.1978,82.196,82.1996,82.2036,82.1993
458=82.2017,82.1978,82.196,82.1996,82.2036,82.1993
459=82.2017,82.1978,82.196,82.1996,82.2036,82.1993
460=82.4955,82.4992,82.5021,82.4974,82.4997,82.5003
461=82.4955,82.4992,82.5021,82.4974,82.4997,82.5003
462=82.4955,82.4992,82.5021,82.4974,82.4997,82.5003
463=82.4955,82.4992,82.5021,82.4974,82.4997,82.5003
464=82.804,82.7999,82.8007,82.8,82.8012,82.8005
465=82.804,82.7999,82.8007,82.8,82.8012,82.8005
466=82.804,82.7999,82.8007,82.8,82.8012,82.8005
467=82.804,82.7999,82.8007,82.8,82.8012,82.8005
468=83.0999,83.0994,83.1016,83.1011,83.1012,83.1061
469=83.0999,83.0994,83.1016,83.1011,83.1012,83.1061
470=83.0999,83.0994,83.1016,83.1011,83.1012,83.1061
471=83.0999,83.0994,83.1016,83.1011,83.1012,83.1061
472=83.4006,83.3987,83.4008,83.3996,83.399,83.4012
473=83.4006,83.3987,83.4008,83.3996,83.399,83.4012
474=83.4006,83.3987,83.4008,83.3996,83.399,83.4012
475=83.4006,83.3987,83.4008,83.3996,83.399,83.4012
476=83.7046,83.701,83.7022,83.6979,83.7006,83.7003
477=83.7046,83.701,83.7022,83.6979,83.7006,83.7003
478=83.7046,83.701,83.7022,83.6979,83.7006,83.7003
479=83.7046,83.701,83.7022,83.6979,83.7006,83.7003
480=84.002,84.0005,84.0028,84.0053,83.9999,83.997
481=84.002,84.0005,84.0028,84.0053,83.9999,83.997
482=84.002,84.0005,84.0028,84.0053,83.9999,83.997
483=84.002,84.0005,84.0028,84.0053,83.9999,83.997
484=84.2997,84.297,84.3026,84.3045,84.2978,84.3
485=84.2997,84.297,84.3026,84.3045,84.2978,84.3
486=84.2997,84.297,84.3026,84.3045,84.2978,84.3
487=84.2997,84.297,84.3026,84.3045,84.2978,84.3
488=84.6036,84.6025,84.5942,84.6034,84.6051,84.6001
489=84.6036,84.6025,84.5942,84.6034,84.6051,84.6001
490=84.6036,84.6025,84.5942,84.6034,84.6051,84.6001
491=84.6036,84.6025,84.5942,84.6034,84.6051,84.6001
492=84.901,84.8988,84.9001,84.8998,84.9024,84.9008
493=84.901,84.8988,84.9001,84.8998,84.9024,84.9008
494=84.901,84.8988,84.9001,84.8998,84.9024,84.9008
495=84.901,84.8988,84.9001,84.8998,84.9024,84.9008
496=85.1985,85.2023,85.1951,85.2014,85.2017,85.2025
497=85.1985,85.2023,85.1951,85.2014,85.2017,85.2025
498=85.1985,85.2023,85.1951,85.2014,85.2017,85.2025
499=85.1985,85.2023,85.1951,85.2014,85.2017,85.2025
500=85.4991,85.4978,85.502,85.4982,85.4981,85.5025
501=85.4991,85.4978,85.502,85.4982,85.4981,85.5025
502=85.4991,85.4978,85.502,85.4982,85.4981,85.5025
503=85.4991,85.4978,85.502,85.4982,85.4981,85.5025
504=85.8001,85.8024,85.8013,85.799,85.7982,85.8016
505=85.8001,85.8024,85.8013,85.799,85.7982,85.8016
506=85.8001,85.8024,85.8013,85.799,85.7982,85.8016
507=85.8001,85.8024,85.8013,85.799,85.7982,85.8016
508=86.0968,86.0973,86.098,86.1026,86.0997,86.0983
509=86.0968,86.0973,86.098,86.1026,86.0997,86.0983
510=86.0968,86.0973,86.098,86.1026,86.0997,86.0983
511=86.0968,86.0973,86.098,86.1026,86.0997,86.0983
512=86.4026,86.404,86.4013,86.4024,86.4018,86.4034
513=86.4026,86.404,86.4013,86.4024,86.4018,86.4034
514=86.4026,86.404,86.4013,86.4024,86.4018,86.4034
515=86.4026,86.404,86.4013,86.4024,86.4018,86.4034
516=86.7002,86.6969,86.7029,86.6999,86.7032,86.6974
517=86.7002,86.6969,86.7029,86.6999,86.7032,86.6974
518=86.7002,86.6969,86.7029,86.6999,86.7032,86.6974
519=86.7002,86.6969,86.7029,86.6999,86.7032,86.6974
520=87.0017,87.0008,86.9959,87.0036,86.9979,87.0005
521=87.0017,87.0008,86.9959,87.0036,86.9979,87.0005
522=87.0017,87.0008,86.9959,87.0036,86.9979,87.0005
523=87.0017,87.0008,86.9959,87.0036,86.9979,87.0005
524=87.3024,87.2971,87.2992,87.2942,87.3019,87.2991
525=87.3024,87.2971,87.2992,87.2942,87.3019,87.2991
526=87.3024,87.2971,87.2992,87.2942,87.3019,87.2991
527=87.3024,87.2971,87.2992,87.2942,87.3019,87.2991
528=87.5973,87.5974,87.6016,87.6019,87.6001,87.5993
529=87.5973,87.5974,87.6016,87.6019,87.6001,87.5993
530=87.5973,87.5974,87.6016,87.6019,87.6001,87.5993
531=87.5973,87.5974,87.6016,87.6019,87.6001,87.5993
532=87.9018,87.9011,87.9,87.8998,87.9002,87.8983
533=87.9018,87.9011,87.9,87.8998,87.9002,87.8983
534=87.9018,87.9011,87.9,87.8998,87.9002,87.8983
535=87.9018,87.9011,87.9,87.8998,87.9002,87.8983
536=88.2003,88.2029,88.1987,88.1994,88.1994,88.2045
537=88.2003,88.2029,88.1987,88.1994,88.1994,88.2045
538=88.2003,88.2029,88.1987,88.1994,88.1994,88.2045
539=88.2003,88.2029,88.1987,88.1994,88.1994,88.2045
540=88.4992,88.4999,88.4995,88.4968,88.5014,88.4997
541=88.4992,88.4999,88.4995,88.4968,88.5014,88.4997
542=88.4992,88.4999,88.4995,88.4968,88.5014,88.4997
543=88.4992,88.4999,88.4995,88.4968,88.5014,88.4997
544=88.7956,88.8,88.8023,88.7974,88.8034,88.7982
545=88.7956,88.8,88.8023,88.7974,88.8034,88.7982
546=88.7956,88.8,88.8023,88.7974,88.8034,88.7982
547=88.7956,88.8,88.8023,88.7974,88.8034,88.7982
548=89.0949,89.0992,89.1031,89.1011,89.1007,89.0952
549=89.0949,89.0992,89.1031,89.1011,89.1007,89.0952
550=89.0949,89.0992,89.1031,89.1011,89.1007,89.0952
551=89.0949,89.0992,89.1031,89.1011,89.1007,89.0952
552=89.4009,89.4002,89.3994,89.4043,89.3988,89.3964
553=89.4009,89.4002,89.3994,89.4043,89.3988,89.3964
554=89.4009,89.4002,89.3994,89.4043,89.3988,89.3964
555=89.4009,89.4002,89.3994,89.4043,89.3988,89.3964
556=89.7016,89.7034,89.6991,89.7016,89.7031,89.7
557=89.7016,89.7034,89.6991,89.7016,89.7031,89.7
558=89.7016,89.7034,89.6991,89.7016,89.7031,89.7
559=89.7016,89.7034,89.6991,89.7016,89.7031,89.7
560=90.0003,90.0046,89.9948,89.9993,90.0025,90.0029
561=90.0003,90.0046,89.9948,89.9993,90.0025,90.0029
562=90.0003,90.0046,89.9948,89.9993,90.0025,90.0029
563=90.0003,90.0046,89.9948,89.9993,90.0025,90.0029
564=90.298,90.3014,90.2972,90.3011,90.3038,90.3023
565=90.298,90.3014,90.2972,90.3011,90.3038,90.3023
566=90.298,90.3014,90.2972,90.3011,90.3038,90.3023
567=90.298,90.3014,90.2972,90.3011,90.3038,90.3023
568=90.599,90.6013,90.6033,90.602,90.6019,90.5981
569=90.599,90.6013,90.6033,90.602,90.6019,90.5981
570=90.599,90.6013,90.6033,90.602,90.6019,90.5981
571=90.599,90.6013,90.6033,90.602,90.6019,90.5981
572=90.8976,90.9018,90.8991,90.8964,90.9027,90.8975
573=90.8976,90.9018,90.8991,90.8964,90.9027,90.8975
574=90.8976,90.9018,90.8991,90.8964,90.9027,90.8975
575=90.8976,90.9018,90.8991,90.8964,90.9027,90.8975
576=91.2018,91.2029,91.2001,91.2032,91.2012,91.1985
577=91.2018,91.2029,91.2001,91.2032,91.2012,91.1985
578=91.2018,91.2029,91.2001,91.2032,91.2012,91.1985
579=91.2018,91.2029,91.2001,91.2032,91.2012,91.1985
580=91.5002,91.5051,91.498,91.4977,91.4969,91.4959
581=91.5002,91.5051,91.498,91.4977,91.4969,91.4959
582=91.5002,91.5051,91.498,91.4977,91.4969,91.4959
583=91.5002,91.5051,91.498,91.4977,91.4969,91.4959
584=91.8013,91.7987,91.8011,91.8037,91.8005,91.8024
585=91.8013,91.7987,91.8011,91.8037,91.8005,91.8024
586=91.8013,91.7987,91.8011,91.8037,91.8005,91.8024
587=91.8013,91.7987,91.8011,91.8037,91.8005,91.8024
588=92.0989,92.0984,92.0986,92.1021,92.1036,92.1038
589=92.0989,92.0984,92.0986,92.1021,92.1036,92.1038
590=92.0989,92.0984,92.0986,92.1021,92.1036,92.1038
591=92.0989,92.0984,92.0986,92.1021,92.1036,92.1038
592=92.4018,92.4029,92.4023,92.4019,92.4,92.3981
593=92.4018,92.4029,92.4023,92.4019,92.4,92.3981
594=92.4018,92.4029,92.4023,92.4019,92.4,92.3981
595=92.4018,92.4029,92.4023,92.4019,92.4,92.3981
596=92.6983,92.7034,92.7005,92.7007,92.7014,92.7052
597=92.6983,92.7034,92.7005,92.7007,92.7014,92.7052
598=92.6983,92.7034,92.7005,92.7007,92.7014,92.7052
599=92.6983,92.7034,92.7005,92.7007,92.7014,92.7052
600=93.0043,93.0027,92.9992,93.0008,92.999,93.0029
601=93.0043,93.0027,92.9992,93.0008,92.999,93.0029
602=93.0043,93.0027,92.9992,93.0008,92.999,93.0029
603=93.0043,93.0027,92.9992,93.0008,92.999,93.0029
604=93.3003,93.3007,93.3011,93.3004,93.2998,93.2994
605=93.3003,93.3007,93.3011,93.3004,93.2998,93.2994
606=93.3003,93.3007,93.3011,93.3004,93.2998,93.2994
607=93.3003,93.3007,93.3011,93.3004,93.2998,93.2994
608=93.5992,93.5995,93.597,93.5988,93.6038,93.5994
609=93.5992,93.5995,93.597,93.5988,93.6038,93.5994
610=93.5992,93.5995,93.597,93.5988,93.6038,93.5994
611=93.5992,93.5995,93.597,93.5988,93.6038,93.5994
612=93.8963,93.9024,93.8964,93.8955,93.8958,93.897
613=93.8963,93.9024,93.8964,93.8955,93.8958,93.897
614=93.8963,93.9024,93.8964,93.8955,93.8958,93.897
615=93.8963,93.9024,93.8964,93.8955,93.8958,93.897
616=94.1996,94.1983,94.2038,94.1984,94.2034,94.1979
617=94.1996,94.1983,94.2038,94.1984,94.2034,94.1979
618=94.1996,94.1983,94.2038,94.1984,94.2034,94.1979
619=94.1996,94.1983,94.2038,94.1984,94.2034,94.1979
620=94.5026,94.503,94.5014,94.502,94.5016,94.5028
621=94.5026,94.503,94.5014,94.502,94.5016,94.5028
622=94.5026,94.503,94.5014,94.502,94.5016,94.5028
623=94.5026,94.503,94.5014,94.502,94.5016,94.5028
624=94.7992,94.7993,94.7997,94.8013,94.8024,94.8002
625=94.7992,94.7993,94.7997,94.8013,94.8024,94.8002
626=94.7992,94.7993,94.7997,94.8013,94.8024,94.8002
627=94.7992,94.7993,94.7997,94.8013,94.8024,94.8002
